00000000100000000000000000100010
00010000100000000000001000001110
00000000110000000000000000100010
00011000110000000000100000001110
00000001000000000000000000100010
00100001000000000000000100001110
00100001000000000000000000010111
00000000000010100000110001111010
00010001100000000000000000010111
00011001110000000000000000010111
00110001110100000000100111111010
01000001010010100000110001111010 
00010000100000000000000100000100
00011000110000000000000100000100
00100001001111111111111111000100
00000001001111111111100000010110 
00000001010000000000000000010101
00000000001111111111111100000110
00000000000000000000000000000000
00000000000000000000000000000000
00000000101111111111110111010110
00011000110000000000000100000100


00011000110000000000100000001110