// memory data file (do not edit the following line - required for mem load use)
// instance=/tb_niosII/mem_unit/main_memory
// format=mti addressradix=d dataradix=d version=1.0 wordsperline=14
   0:    0    0    0    0    6    0    0    0    5    0    0    0    3    0
  14:    0    0    6    0    0    0   19    0    0    0    8    0    0    0
  28:   12    0    0    0    2    0    0    0   14    0    0    0    3    0
  42:    0    0    2    0    0    0    5    0    0    0   36    0    0    0
  56:    0    0    0    0    0    0    0    0    0    0    0    0    0    0
  70:    0    0    0    0    0    0    0    0    0    0    0    0    0    0
  84:    0    0    0    0    0    0    0    0    0    0    0    0    0    0
  98:    0    0    0    0    0    0    0    0    0    0    0    0    0    0
 112:    0    0    0    0    0    0    0    0    0    0    0    0    0    0
 126:    0    0    0    0    0    0    0    0    0    0    0    0    0    0
 140:    0    0    0    0    0    0    0    0    0    0    0    0    0    0
 154:    0    0    0    0    0    0    0    0    0    0    0    0    0    0
 168:    0    0    0    0    0    0    0    0    0    0    0    0    0    0
 182:    0    0    0    0    0    0    0    0    0    0    0    0    0    0
 196:    0    0    0    0    0    0    0    0    0    0    0    0    0    0
 210:    0    0    0    0    0    0    0    0    0    0    0    0    0    0
 224:    0    0    0    0    0    0    0    0    0    0    0    0    0    0
 238:    0    0    0    0    0    0    0    0    0    0    0    0    0    0
 252:    0    0    0    0    0    0    0    0    0    0    0    0    0    0
 266:    0    0    0    0    0    0    0    0    0    0    0    0    0    0
 280:    0    0    0    0    0    0    0    0    0    0    0    0    0    0
 294:    0    0    0    0    0    0    0    0    0    0    0    0    0    0
 308:    0    0    0    0    0    0    0    0    0    0    0    0    0    0
 322:    0    0    0    0    0    0    0    0    0    0    0    0    0    0
 336:    0    0    0    0    0    0    0    0    0    0    0    0    0    0
 350:    0    0    0    0    0    0    0    0    0    0    0    0    0    0
 364:    0    0    0    0    0    0    0    0    0    0    0    0    0    0
 378:    0    0    0    0    0    0    0    0    0    0    0    0    0    0
 392:    0    0    0    0    0    0    0    0    0    0    0    0    0    0
 406:    0    0    0    0    0    0    0    0    0    0    0    0    0    0
 420:    0    0    0    0    0    0    0    0    0    0    0    0    0    0
 434:    0    0    0    0    0    0    0    0    0    0    0    0    0    0
 448:    0    0    0    0    0    0    0    0    0    0    0    0    0    0
 462:    0    0    0    0    0    0    0    0    0    0    0    0    0    0
 476:    0    0    0    0    0    0    0    0    0    0    0    0    0    0
 490:    0    0    0    0    0    0    0    0    0    0    0    0    0    0
 504:    0    0    0    0    0    0    0    0    0    0    0    0    0    0
 518:    0    0    0    0    0    0    0    0    0    0    0    0    0    0
 532:    0    0    0    0    0    0    0    0    0    0    0    0    0    0
 546:    0    0    0    0    0    0    0    0    0    0    0    0    0    0
 560:    0    0    0    0    0    0    0    0    0    0    0    0    0    0
 574:    0    0    0    0    0    0    0    0    0    0    0    0    0    0
 588:    0    0    0    0    0    0    0    0    0    0    0    0    0    0
 602:    0    0    0    0    0    0    0    0    0    0    0    0    0    0
 616:    0    0    0    0    0    0    0    0    0    0    0    0    0    0
 630:    0    0    0    0    0    0    0    0    0    0    0    0    0    0
 644:    0    0    0    0    0    0    0    0    0    0    0    0    0    0
 658:    0    0    0    0    0    0    0    0    0    0    0    0    0    0
 672:    0    0    0    0    0    0    0    0    0    0    0    0    0    0
 686:    0    0    0    0    0    0    0    0    0    0    0    0    0    0
 700:    0    0    0    0    0    0    0    0    0    0    0    0    0    0
 714:    0    0    0    0    0    0    0    0    0    0    0    0    0    0
 728:    0    0    0    0    0    0    0    0    0    0    0    0    0    0
 742:    0    0    0    0    0    0    0    0    0    0    0    0    0    0
 756:    0    0    0    0    0    0    0    0    0    0    0    0    0    0
 770:    0    0    0    0    0    0    0    0    0    0    0    0    0    0
 784:    0    0    0    0    0    0    0    0    0    0    0    0    0    0
 798:    0    0    0    0    0    0    0    0    0    0    0    0    0    0
 812:    0    0    0    0    0    0    0    0    0    0    0    0    0    0
 826:    0    0    0    0    0    0    0    0    0    0    0    0    0    0
 840:    0    0    0    0    0    0    0    0    0    0    0    0    0    0
 854:    0    0    0    0    0    0    0    0    0    0    0    0    0    0
 868:    0    0    0    0    0    0    0    0    0    0    0    0    0    0
 882:    0    0    0    0    0    0    0    0    0    0    0    0    0    0
 896:    0    0    0    0    0    0    0    0    0    0    0    0    0    0
 910:    0    0    0    0    0    0    0    0    0    0    0    0    0    0
 924:    0    0    0    0    0    0    0    0    0    0    0    0    0    0
 938:    0    0    0    0    0    0    0    0    0    0    0    0    0    0
 952:    0    0    0    0    0    0    0    0    0    0    0    0    0    0
 966:    0    0    0    0    0    0    0    0    0    0    0    0    0    0
 980:    0    0    0    0    0    0    0    0    0    0    0    0    0    0
 994:    0    0    0    0    0    0    0    0    0    0    0    0    0    0
1008:    0    0    0    0    0    0    0    0    0    0    0    0    0    0
1022:    0    0    0    0    0    0    0    0    0    0    0    0    0    0
1036:    0    0    0    0    0    0    0    0    0    0    0    0    0    0
1050:    0    0    0    0    0    0    0    0    0    0    0    0    0    0
1064:    0    0    0    0    0    0    0    0    0    0    0    0    0    0
1078:    0    0    0    0    0    0    0    0    0    0    0    0    0    0
1092:    0    0    0    0    0    0    0    0    0    0    0    0    0    0
1106:    0    0    0    0    0    0    0    0    0    0    0    0    0    0
1120:    0    0    0    0    0    0    0    0    0    0    0    0    0    0
1134:    0    0    0    0    0    0    0    0    0    0    0    0    0    0
1148:    0    0    0    0    0    0    0    0    0    0    0    0    0    0
1162:    0    0    0    0    0    0    0    0    0    0    0    0    0    0
1176:    0    0    0    0    0    0    0    0    0    0    0    0    0    0
1190:    0    0    0    0    0    0    0    0    0    0    0    0    0    0
1204:    0    0    0    0    0    0    0    0    0    0    0    0    0    0
1218:    0    0    0    0    0    0    0    0    0    0    0    0    0    0
1232:    0    0    0    0    0    0    0    0    0    0    0    0    0    0
1246:    0    0    0    0    0    0    0    0    0    0    0    0    0    0
1260:    0    0    0    0    0    0    0    0    0    0    0    0    0    0
1274:    0    0    0    0    0    0    0    0    0    0    0    0    0    0
1288:    0    0    0    0    0    0    0    0    0    0    0    0    0    0
1302:    0    0    0    0    0    0    0    0    0    0    0    0    0    0
1316:    0    0    0    0    0    0    0    0    0    0    0    0    0    0
1330:    0    0    0    0    0    0    0    0    0    0    0    0    0    0
1344:    0    0    0    0    0    0    0    0    0    0    0    0    0    0
1358:    0    0    0    0    0    0    0    0    0    0    0    0    0    0
1372:    0    0    0    0    0    0    0    0    0    0    0    0    0    0
1386:    0    0    0    0    0    0    0    0    0    0    0    0    0    0
1400:    0    0    0    0    0    0    0    0    0    0    0    0    0    0
1414:    0    0    0    0    0    0    0    0    0    0    0    0    0    0
1428:    0    0    0    0    0    0    0    0    0    0    0    0    0    0
1442:    0    0    0    0    0    0    0    0    0    0    0    0    0    0
1456:    0    0    0    0    0    0    0    0    0    0    0    0    0    0
1470:    0    0    0    0    0    0    0    0    0    0    0    0    0    0
1484:    0    0    0    0    0    0    0    0    0    0    0    0    0    0
1498:    0    0    0    0    0    0    0    0    0    0    0    0    0    0
1512:    0    0    0    0    0    0    0    0    0    0    0    0    0    0
1526:    0    0    0    0    0    0    0    0    0    0    0    0    0    0
1540:    0    0    0    0    0    0    0    0    0    0    0    0    0    0
1554:    0    0    0    0    0    0    0    0    0    0    0    0    0    0
1568:    0    0    0    0    0    0    0    0    0    0    0    0    0    0
1582:    0    0    0    0    0    0    0    0    0    0    0    0    0    0
1596:    0    0    0    0    0    0    0    0    0    0    0    0    0    0
1610:    0    0    0    0    0    0    0    0    0    0    0    0    0    0
1624:    0    0    0    0    0    0    0    0    0    0    0    0    0    0
1638:    0    0    0    0    0    0    0    0    0    0    0    0    0    0
1652:    0    0    0    0    0    0    0    0    0    0    0    0    0    0
1666:    0    0    0    0    0    0    0    0    0    0    0    0    0    0
1680:    0    0    0    0    0    0    0    0    0    0    0    0    0    0
1694:    0    0    0    0    0    0    0    0    0    0    0    0    0    0
1708:    0    0    0    0    0    0    0    0    0    0    0    0    0    0
1722:    0    0    0    0    0    0    0    0    0    0    0    0    0    0
1736:    0    0    0    0    0    0    0    0    0    0    0    0    0    0
1750:    0    0    0    0    0    0    0    0    0    0    0    0    0    0
1764:    0    0    0    0    0    0    0    0    0    0    0    0    0    0
1778:    0    0    0    0    0    0    0    0    0    0    0    0    0    0
1792:    0    0    0    0    0    0    0    0    0    0    0    0    0    0
1806:    0    0    0    0    0    0    0    0    0    0    0    0    0    0
1820:    0    0    0    0    0    0    0    0    0    0    0    0    0    0
1834:    0    0    0    0    0    0    0    0    0    0    0    0    0    0
1848:    0    0    0    0    0    0    0    0    0    0    0    0    0    0
1862:    0    0    0    0    0    0    0    0    0    0    0    0    0    0
1876:    0    0    0    0    0    0    0    0    0    0    0    0    0    0
1890:    0    0    0    0    0    0    0    0    0    0    0    0    0    0
1904:    0    0    0    0    0    0    0    0    0    0    0    0    0    0
1918:    0    0    0    0    0    0    0    0    0    0    0    0    0    0
1932:    0    0    0    0    0    0    0    0    0    0    0    0    0    0
1946:    0    0    0    0    0    0    0    0    0    0    0    0    0    0
1960:    0    0    0    0    0    0    0    0    0    0    0    0    0    0
1974:    0    0    0    0    0    0    0    0    0    0    0    0    0    0
1988:    0    0    0    0    0    0    0    0    0    0    0    0    0    0
2002:    0    0    0    0    0    0    0    0    0    0    0    0    0    0
2016:    0    0    0    0    0    0    0    0    0    0    0    0    0    0
2030:    0    0    0    0    0    0    0    0    0    0    0    0    0    0
2044:    0    0    0    0    0    0    0    0    0    0    0    0    0    0
2058:    0    0    0    0    0    0    0    0    0    0    0    0    0    0
2072:    0    0    0    0    0    0    0    0    0    0    0    0    0    0
2086:    0    0    0    0    0    0    0    0    0    0    0    0    0    0
2100:    0    0    0    0    0    0    0    0    0    0    0    0    0    0
2114:    0    0    0    0    0    0    0    0    0    0    0    0    0    0
2128:    0    0    0    0    0    0    0    0    0    0    0    0    0    0
2142:    0    0    0    0    0    0    0    0    0    0    0    0    0    0
2156:    0    0    0    0    0    0    0    0    0    0    0    0    0    0
2170:    0    0    0    0    0    0    0    0    0    0    0    0    0    0
2184:    0    0    0    0    0    0    0    0    0    0    0    0    0    0
2198:    0    0    0    0    0    0    0    0    0    0    0    0    0    0
2212:    0    0    0    0    0    0    0    0    0    0    0    0    0    0
2226:    0    0    0    0    0    0    0    0    0    0    0    0    0    0
2240:    0    0    0    0    0    0    0    0    0    0    0    0    0    0
2254:    0    0    0    0    0    0    0    0    0    0    0    0    0    0
2268:    0    0    0    0    0    0    0    0    0    0    0    0    0    0
2282:    0    0    0    0    0    0    0    0    0    0    0    0    0    0
2296:    0    0    0    0    0    0    0    0    0    0    0    0    0    0
2310:    0    0    0    0    0    0    0    0    0    0    0    0    0    0
2324:    0    0    0    0    0    0    0    0    0    0    0    0    0    0
2338:    0    0    0    0    0    0    0    0    0    0    0    0    0    0
2352:    0    0    0    0    0    0    0    0    0    0    0    0    0    0
2366:    0    0    0    0    0    0    0    0    0    0    0    0    0    0
2380:    0    0    0    0    0    0    0    0    0    0    0    0    0    0
2394:    0    0    0    0    0    0    0    0    0    0    0    0    0    0
2408:    0    0    0    0    0    0    0    0    0    0    0    0    0    0
2422:    0    0    0    0    0    0    0    0    0    0    0    0    0    0
2436:    0    0    0    0    0    0    0    0    0    0    0    0    0    0
2450:    0    0    0    0    0    0    0    0    0    0    0    0    0    0
2464:    0    0    0    0    0    0    0    0    0    0    0    0    0    0
2478:    0    0    0    0    0    0    0    0    0    0    0    0    0    0
2492:    0    0    0    0    0    0    0    0    0    0    0    0    0    0
2506:    0    0    0    0    0    0    0    0    0    0    0    0    0    0
2520:    0    0    0    0    0    0    0    0    0    0    0    0    0    0
2534:    0    0    0    0    0    0    0    0    0    0    0    0    0    0
2548:    0    0    0    0    0    0    0    0    0    0    0    0    0    0
2562:    0    0    0    0    0    0    0    0    0    0    0    0    0    0
2576:    0    0    0    0    0    0    0    0    0    0    0    0    0    0
2590:    0    0    0    0    0    0    0    0    0    0    0    0    0    0
2604:    0    0    0    0    0    0    0    0    0    0    0    0    0    0
2618:    0    0    0    0    0    0    0    0    0    0    0    0    0    0
2632:    0    0    0    0    0    0    0    0    0    0    0    0    0    0
2646:    0    0    0    0    0    0    0    0    0    0    0    0    0    0
2660:    0    0    0    0    0    0    0    0    0    0    0    0    0    0
2674:    0    0    0    0    0    0    0    0    0    0    0    0    0    0
2688:    0    0    0    0    0    0    0    0    0    0    0    0    0    0
2702:    0    0    0    0    0    0    0    0    0    0    0    0    0    0
2716:    0    0    0    0    0    0    0    0    0    0    0    0    0    0
2730:    0    0    0    0    0    0    0    0    0    0    0    0    0    0
2744:    0    0    0    0    0    0    0    0    0    0    0    0    0    0
2758:    0    0    0    0    0    0    0    0    0    0    0    0    0    0
2772:    0    0    0    0    0    0    0    0    0    0    0    0    0    0
2786:    0    0    0    0    0    0    0    0    0    0    0    0    0    0
2800:    0    0    0    0    0    0    0    0    0    0    0    0    0    0
2814:    0    0    0    0    0    0    0    0    0    0    0    0    0    0
2828:    0    0    0    0    0    0    0    0    0    0    0    0    0    0
2842:    0    0    0    0    0    0    0    0    0    0    0    0    0    0
2856:    0    0    0    0    0    0    0    0    0    0    0    0    0    0
2870:    0    0    0    0    0    0    0    0    0    0    0    0    0    0
2884:    0    0    0    0    0    0    0    0    0    0    0    0    0    0
2898:    0    0    0    0    0    0    0    0    0    0    0    0    0    0
2912:    0    0    0    0    0    0    0    0    0    0    0    0    0    0
2926:    0    0    0    0    0    0    0    0    0    0    0    0    0    0
2940:    0    0    0    0    0    0    0    0    0    0    0    0    0    0
2954:    0    0    0    0    0    0    0    0    0    0    0    0    0    0
2968:    0    0    0    0    0    0    0    0    0    0    0    0    0    0
2982:    0    0    0    0    0    0    0    0    0    0    0    0    0    0
2996:    0    0    0    0    0    0    0    0    0    0    0    0    0    0
3010:    0    0    0    0    0    0    0    0    0    0    0    0    0    0
3024:    0    0    0    0    0    0    0    0    0    0    0    0    0    0
3038:    0    0    0    0    0    0    0    0    0    0    0    0    0    0
3052:    0    0    0    0    0    0    0    0    0    0    0    0    0    0
3066:    0    0    0    0    0    0    0    0    0    0    0    0    0    0
3080:    0    0    0    0    0    0    0    0    0    0    0    0    0    0
3094:    0    0    0    0    0    0    0    0    0    0    0    0    0    0
3108:    0    0    0    0    0    0    0    0    0    0    0    0    0    0
3122:    0    0    0    0    0    0    0    0    0    0    0    0    0    0
3136:    0    0    0    0    0    0    0    0    0    0    0    0    0    0
3150:    0    0    0    0    0    0    0    0    0    0    0    0    0    0
3164:    0    0    0    0    0    0    0    0    0    0    0    0    0    0
3178:    0    0    0    0    0    0    0    0    0    0    0    0    0    0
3192:    0    0    0    0    0    0    0    0    0    0    0    0    0    0
3206:    0    0    0    0    0    0    0    0    0    0    0    0    0    0
3220:    0    0    0    0    0    0    0    0    0    0    0    0    0    0
3234:    0    0    0    0    0    0    0    0    0    0    0    0    0    0
3248:    0    0    0    0    0    0    0    0    0    0    0    0    0    0
3262:    0    0    0    0    0    0    0    0    0    0    0    0    0    0
3276:    0    0    0    0    0    0    0    0    0    0    0    0    0    0
3290:    0    0    0    0    0    0    0    0    0    0    0    0    0    0
3304:    0    0    0    0    0    0    0    0    0    0    0    0    0    0
3318:    0    0    0    0    0    0    0    0    0    0    0    0    0    0
3332:    0    0    0    0    0    0    0    0    0    0    0    0    0    0
3346:    0    0    0    0    0    0    0    0    0    0    0    0    0    0
3360:    0    0    0    0    0    0    0    0    0    0    0    0    0    0
3374:    0    0    0    0    0    0    0    0    0    0    0    0    0    0
3388:    0    0    0    0    0    0    0    0    0    0    0    0    0    0
3402:    0    0    0    0    0    0    0    0    0    0    0    0    0    0
3416:    0    0    0    0    0    0    0    0    0    0    0    0    0    0
3430:    0    0    0    0    0    0    0    0    0    0    0    0    0    0
3444:    0    0    0    0    0    0    0    0    0    0    0    0    0    0
3458:    0    0    0    0    0    0    0    0    0    0    0    0    0    0
3472:    0    0    0    0    0    0    0    0    0    0    0    0    0    0
3486:    0    0    0    0    0    0    0    0    0    0    0    0    0    0
3500:    0    0    0    0    0    0    0    0    0    0    0    0    0    0
3514:    0    0    0    0    0    0    0    0    0    0    0    0    0    0
3528:    0    0    0    0    0    0    0    0    0    0    0    0    0    0
3542:    0    0    0    0    0    0    0    0    0    0    0    0    0    0
3556:    0    0    0    0    0    0    0    0    0    0    0    0    0    0
3570:    0    0    0    0    0    0    0    0    0    0    0    0    0    0
3584:    0    0    0    0    0    0    0    0    0    0    0    0    0    0
3598:    0    0    0    0    0    0    0    0    0    0    0    0    0    0
3612:    0    0    0    0    0    0    0    0    0    0    0    0    0    0
3626:    0    0    0    0    0    0    0    0    0    0    0    0    0    0
3640:    0    0    0    0    0    0    0    0    0    0    0    0    0    0
3654:    0    0    0    0    0    0    0    0    0    0    0    0    0    0
3668:    0    0    0    0    0    0    0    0    0    0    0    0    0    0
3682:    0    0    0    0    0    0    0    0    0    0    0    0    0    0
3696:    0    0    0    0    0    0    0    0    0    0    0    0    0    0
3710:    0    0    0    0    0    0    0    0    0    0    0    0    0    0
3724:    0    0    0    0    0    0    0    0    0    0    0    0    0    0
3738:    0    0    0    0    0    0    0    0    0    0    0    0    0    0
3752:    0    0    0    0    0    0    0    0    0    0    0    0    0    0
3766:    0    0    0    0    0    0    0    0    0    0    0    0    0    0
3780:    0    0    0    0    0    0    0    0    0    0    0    0    0    0
3794:    0    0    0    0    0    0    0    0    0    0    0    0    0    0
3808:    0    0    0    0    0    0    0    0    0    0    0    0    0    0
3822:    0    0    0    0    0    0    0    0    0    0    0    0    0    0
3836:    0    0    0    0    0    0    0    0    0    0    0    0    0    0
3850:    0    0    0    0    0    0    0    0    0    0    0    0    0    0
3864:    0    0    0    0    0    0    0    0    0    0    0    0    0    0
3878:    0    0    0    0    0    0    0    0    0    0    0    0    0    0
3892:    0    0    0    0    0    0    0    0    0    0    0    0    0    0
3906:    0    0    0    0    0    0    0    0    0    0    0    0    0    0
3920:    0    0    0    0    0    0    0    0    0    0    0    0    0    0
3934:    0    0    0    0    0    0    0    0    0    0    0    0    0    0
3948:    0    0    0    0    0    0    0    0    0    0    0    0    0    0
3962:    0    0    0    0    0    0    0    0    0    0    0    0    0    0
3976:    0    0    0    0    0    0    0    0    0    0    0    0    0    0
3990:    0    0    0    0    0    0    0    0    0    0    0    0    0    0
4004:    0    0    0    0    0    0    0    0    0    0    0    0    0    0
4018:    0    0    0    0    0    0    0    0    0    0    0    0    0    0
4032:    0    0    0    0    0    0    0    0    0    0    0    0    0    0
4046:    0    0    0    0    0    0    0    0    0    0    0    0    0    0
4060:    0    0    0    0    0    0    0    0    0    0    0    0    0    0
4074:    0    0    0    0    0    0    0    0    0    0    0    0    0    0
4088:    0    0    0    0    0    0    0    0 
